lateral_error,heading_error
0.8241599680456361,0.029634001637851477
0.5498312775900518,0.0382442222416883
0.4125636249331812,0.03807146288045081
0.33079782220597553,0.03569591360588174
0.2772575809675906,0.032421652856731674
0.239826284739703,0.029104849795531764
0.21225662933277942,0.026231370898453593
0.19060883509542315,0.023932240554318182
0.17385277766507862,0.021889474454964836
0.16049134879523727,0.020109095909463973
0.1489107591630686,0.018683622986282577
0.1390365299205871,0.017469509202726823
0.13016903838778832,0.01653960561725292
0.12243650807623331,0.016640824144261653
0.11557799866465243,0.016555980937471286
0.11021480416700609,0.016261432231116965
0.10516447992588268,0.015802025762138953
0.1010621228726067,0.015209117321504673
0.09759123580904532,0.014601974100091128
0.09435011830883434,0.014043669725097387
0.09124501806481199,0.013542255353769656
0.08846173936858372,0.013055222791165022
0.08605741473003353,0.012572696762791038
0.08395497844504092,0.012104326086601098
0.08203780206672774,0.011664046499286918
0.0802723823470816,0.014292849487821222
0.07825082613968229,0.016461165723812565
0.07556806982664156,0.01796804306772759
0.07311076788980293,0.01893780097613061
0.07095138798802561,0.019399318683309043
0.06908018852200581,0.019479510143652224
0.0673814530358503,0.019365491461920962
0.06572998703587403,0.019175308397015145
0.06426934195904838,0.018859173381757913
0.06272760330774857,0.018592285536889533
0.06128388199930917,0.020225330378616176
0.059816410823509726,0.021521112697868047
0.05832083816854478,0.02222330111642951
0.056893184781857675,0.022495630288036056
0.055604931586843084,0.0225191907901593
0.05441666084059732,0.02239328999544942
0.053353957201012936,0.02213297595199134
0.05242177554682576,0.021777844007855443
0.05147195212660383,0.021421112727808837
0.05046734016601777,0.0211240067874451
0.04952853983982506,0.021944889796809162
0.04856540595043069,0.02258309588665941
0.047574378796267684,0.02295379854969154
0.046628526739514724,0.0230224188894608
0.045759455043868066,0.022910895781076673
0.04494899716804947,0.022709498733063178
0.04421412316660369,0.022424025381606955
0.043483378145215315,0.02212272394403012
0.0427565098911411,0.021832433142837823
0.042035197274714685,0.021559698840339137
0.04131109953943764,0.022001675524700594
0.040600455131890936,0.022343479946801505
0.03992308863923133,0.022485386813323623
0.03925999395402698,0.022458470449787497
0.038616412564753295,0.02234254665822261
0.03799421787237444,0.02217267015606039
0.037401583151452485,0.02193018968238507
0.03683260014163606,0.021656823128593204
0.03629944216436053,0.021361249767907806
0.03580560070251108,0.021398209209847818
0.03529641200150951,0.021415732696219235
0.03478792352047875,0.021324764080888865
0.03429652979123129,0.021166362626005054
0.03382434339629319,0.020974082361223886
0.03338721080356708,0.020745106282977502
0.03297821817098662,0.020502249569829833
0.03259884449835476,0.020250041110859807
0.03220243490400476,0.020278987227841983
0.03180114244972862,0.020273541560785976
0.031383056849636305,0.020221810516971778
0.030986860598627368,0.02012122301388722
0.0305906832369711,0.01997105855922182
0.030208129400735327,0.01977377832363114
0.02983413724707932,0.019567753512008606
0.02946618388505468,0.019373490408670903
0.029106937278990382,0.01930642671067318
0.02875647738535426,0.019223617391796795
0.028431185428554946,0.01911569036382778
0.02811049499644866,0.018972122634807576
0.02780088393435579,0.01882012796736969
0.027488648969052717,0.01865230839045696
0.02718234233654533,0.01848184066368649
0.02688296203630667,0.018311486952162403
0.026586896321350167,0.01818579384295377
0.02629531335156184,0.01804379344870843
0.026010521264460452,0.017888209713574053
0.025731192489961877,0.01772123545608383
0.025461918658645177,0.017548063020439243
0.025202163423024296,0.01737371252251883
0.02494343717196214,0.01720603677504998
0.0246919137772597,0.01703818543997788
0.024444526291168826,0.016909320388693184
0.024198083729052862,0.016783958816930424
0.02395616119828169,0.016653319102802103
0.02372051036500785,0.01651390197745631
0.02348800286385252,0.01636944371544372
0.02326033331845014,0.016221923224425963
0.023039537638307957,0.016071721065819028
0.022829577318554835,0.01593293886518193
0.022615739684262753,0.015799912434483455
0.022405274342417042,0.01566563719998628
0.022198588268396574,0.015530834490587963
0.02199582624175402,0.01539788504395425
0.021795988144899893,0.01526454092274733
0.02160400791735183,0.015140325346890292
0.021416775817243983,0.015013509057270117
0.02124278944274653,0.014890558669275859
0.021064825330548532,0.014764750953628301
0.020890047511354603,0.014639546628924336
0.020723567359727357,0.014517800972090376
0.020550512981949844,0.014394705095191343
0.02037972348627555,0.01427325991810455
0.02021161086202777,0.014154303392981581
0.020043645796885643,0.014038385651016434
0.02087502852337052,0.01392366576791759
0.021660516969119137,0.013811235592908266
0.021484687315151012,0.013701236068514828
0.021311501451382945,0.013592377578559038
0.02114116694093896,0.013484290130677945
0.020973960474368537,0.013385252313953827
0.020815139865529644,0.013287144016423072
0.020659952750189718,0.01319197885543775
0.020507116704094896,0.013094173465644697
0.02035640658760352,0.012997234450004455
0.02020531342684714,0.01290281454223577
0.02005238118300102,0.012819308839639283
0.019903201109222567,0.012744986316222355
0.019756854057710833,0.012698435515470688
0.019616164973379507,0.012650426698069844
0.019474648890726393,0.012587144446443177
0.019332914349838144,0.012513880693906082
0.019194267383150953,0.012442023487486683
0.019057400219845276,0.012369043194136425
0.01892196936311671,0.012293146583909518
0.018789686693428304,0.012260475926135588
0.018657370887070843,0.012213768580625044
0.0185284809892881,0.01216317781701907
0.018402270085897843,0.012114054053834564
0.01828047524163529,0.012068692369030598
0.018164504744341406,0.01202699659371541
0.018049189787725413,0.011981540422421133
0.01794891665817005,0.012015425902521942
0.017868496639764076,0.012008441583027819
0.017835208260979115,0.01199453657636542
0.017746084127202376,0.011970460343320903
0.017637576015407243,0.011925147757030135
0.017530325097613497,0.011875697171167965
0.017425853769691826,0.01182601477233952
0.017325278624768306,0.011778014442921673
0.017233166450117993,0.01182767568533741
0.017167934310317438,0.011843106349097464
0.017073948305438402,0.011840988070998685
0.016970177814657122,0.011816606551476877
0.016864289148323833,0.011776217181475607
0.01676280934519936,0.011741420142698633
0.01667124692743941,0.01171697939915721
0.016579149719730672,0.011684229364831078
0.01648400482940042,0.011778707069071475
0.01639024364309157,0.011826090422573434
0.016291507741220682,0.011828943707561866
0.01619458937705227,0.011814490930011749
0.016100185899053678,0.011788545039329898
0.016004931766990145,0.011765788862881965
0.015912003708224706,0.011748627705356576
0.01582076051645392,0.011726773791077201
0.015729196373096718,0.011902100632452011
0.01564613822917833,0.012019124444391795
0.01555834275130121,0.012083182579810224
0.015471855863814487,0.012093157444539029
0.015391225188478179,0.012081578111460762
0.015314071067894824,0.012057851952815024
0.015239082063597517,0.012025227433103535
0.01516340717913415,0.011989051046123285
0.015086927118105803,0.012252722594841186
0.015003631235108188,0.012432341054218293
0.014921482675065349,0.012543004539075047
0.014839959261702557,0.012613190177163086
0.014764300395931412,0.012629164080739436
0.014695363765064268,0.012612867644794854
0.014619759952828972,0.01259739925925985
0.014542100003107872,0.012582923058553427
0.014464845177512193,0.012568670130835348
0.014391597810211388,0.012907282790788763
0.014328518404295583,0.013131834572620687
0.014253537131992193,0.013251882940407234
0.014183262422039855,0.013312601975602726
0.014116278167491452,0.013335813909279244
0.014048296716967487,0.01333592838278488
0.01397975516625851,0.013325549073650534
0.013909095277679156,0.013313003909777863
0.01383849419194316,0.013295744814583076
0.013768680176073033,0.013646166948393464
0.013710121294150135,0.013905368633291861
0.013641885096260806,0.014053447824524633
0.01358378678044892,0.014129371818153477
0.013531444321540893,0.014161388345574824
0.013483095387954034,0.014158710866396813
0.013426175213521751,0.014151054578544433
0.013371325108799464,0.014130683012382007
0.013318659382219347,0.01409742581334446
0.013272136493296505,0.014050336244230865
0.013225261226841459,0.014424387385892893
0.013162220438951157,0.014692949831726516
0.01310680821162889,0.014850886284267659
0.013069189237578705,0.014933864760865355
0.013033878381133679,0.014977160084595062
0.013000599234450665,0.014986489440927212
0.0129699243919814,0.014966726251654698
0.012939542630626435,0.0149339874205481
0.012903341292431826,0.014896066786635144
0.012861538950638043,0.015285141319999142
0.0128029138945492,0.015580168563030869
0.012745410633092114,0.015752280352140262
0.012699380010910444,0.01584475526146855
0.012656740532140227,0.01589257674329601
0.01262788941304524,0.01589552974665249
0.012616018282133584,0.015862726213025768
0.01258494477549914,0.015831601088956974
0.012550991562656167,0.015794697462001624
0.01251476118188278,0.016125790210527315
0.012459765390616943,0.016373277983191162
0.012406831778982424,0.016509702852703968
0.01236731503446963,0.016575042751782638
0.012347158854521322,0.016589213253685557
0.012337304877675091,0.016581079371801467
0.01230903298655921,0.016573414123461874
0.012270638634528581,0.016554443046629733
0.012232534839936136,0.016523705555779426
0.012186587962868553,0.016493859903459897
0.012139543186783829,0.016766326972657862
0.012089860071789216,0.01695746696786179
0.01203931000659532,0.017068057434991606
0.01199203953973877,0.017117309084670688
0.011950522770346994,0.017124287773596057
0.011907935428925962,0.017111237125888815
0.011861817977519245,0.017094050479242732
0.01182197474715309,0.017057006603284477
0.011783223597234441,0.01700993673700329
0.011738554008458925,0.017195361593618376
0.0116933248892756,0.01732527982769724
0.011646014104011155,0.01738718600754313
0.011603216800050975,0.017401362422750078
0.011558724758875682,0.017406310653394156
0.011516169874832992,0.017382715314348093
0.011471026370141472,0.017356681995758055
0.011425641722255936,0.017335080587326728
0.01138385215922657,0.01747465704161566
0.011358331871418895,0.017547475693434973
0.011317988218535774,0.017567206998523058
0.011274167342613392,0.01754821974799351
0.011231882857572777,0.01751700967628608
0.01119216749488069,0.017476539632686833
0.011157658314904426,0.017427259494099068
0.011128806178524565,0.017371973677519623
0.011095633252989536,0.017317884658062655
0.011057329220885549,0.01738448373994502
0.011015297308031765,0.017426995543124275
0.010974013569231647,0.01743258693846567
0.010932622510898497,0.017420803744067154
0.010892459921679587,0.017394015049623443
0.010853320224045709,0.017359092800289834
0.010815815838711695,0.01731668493112821
0.010778470478277468,0.017271773426808454
0.01073882848088886,0.017315267623164984
0.01069976582335108,0.017338593031869153
0.01067118546354832,0.01734176629817105
0.010636670028788708,0.017319633144409166
0.010603055611624657,0.017292098338402787
0.010572610038288245,0.017264550187822813
0.010541974112547153,0.01723322150560263
0.010515818803584463,0.017236563172002443
0.010496673447759335,0.01721299334238118
0.010487544622152293,0.01717937160541536
0.010450786470624668,0.017134313645980344
0.010413595915619753,0.017084767718050314
0.010376671825880812,0.01703384330830158
0.010340098781017854,0.01698096328043968
0.010304878313079064,0.016924574230493206
0.010269608053655548,0.01689631821111835
0.010234602438651355,0.01685910453556823
0.010198967904065256,0.016819204617483825
0.010164919245388681,0.016781014978916157
0.010129765968087463,0.01673631588367766
0.010095240617411351,0.01668847345818823
0.010062593819390694,0.016636676801485426
0.010033133275517461,0.016598496576446273
0.010002667451049817,0.016558554928665346
0.009975216903143132,0.016512509543232683
0.009941409257631177,0.01646801934890466
0.00990802827472318,0.016421548895609928
0.009875639581227976,0.016372534908709522
0.009845630854317639,0.01632045843446063
0.009812746849731468,0.016285903292056862
0.009781067357873964,0.016253335441274518
0.009749764473455083,0.016216118611306063
0.009730800554045209,0.01618051045813517
0.009707944220858807,0.016141299243173923
0.009690195350734409,0.016105280339646748
0.0096698319744981,0.01606620795530724
0.009644649154117849,0.01601805284527514
0.009624680624953159,0.015969571935154574
0.00960955622787717,0.0159205072519444
0.009587399031790613,0.01587236928852133
0.009560782664943515,0.01582368239804229
0.009532959072463786,0.015775408028077552
0.009504750998240854,0.01572816086607002
0.009476849431807464,0.01567943137071785
0.009450126755860176,0.015630966018419446
0.009748719004137853,0.015581596163076365
0.010052181506511364,0.015532427033263782
0.010025229718840558,0.015484713789125913
0.010001641330540822,0.015438223743618586
0.009973041703154158,0.015390200071662898
0.00994655919897776,0.01534224518907377
0.009925196474141426,0.015294471345099066
0.009906169043817905,0.015247157659441563
0.009879790974681134,0.015200038971782799
0.009859652886202995,0.01515330132424831
0.009837579457474417,0.01510672303531623
0.00981419868975807,0.015067494589375166
0.009790075950067327,0.015027623573830763
0.00976187450595996,0.014988604941357443
0.009732430371551819,0.014950406577220247
0.009703757526842882,0.014913035928661132
0.009674492936146294,0.01487203930022503
0.009645561663720856,0.014830070667168141
0.009617614775456482,0.014800755161336237
0.009593183252146203,0.01476570274545798
0.009568881855243825,0.01472790866601019
0.00954229328599871,0.014689636432992845
0.009514780755208866,0.01465260078647877
0.00948770268345835,0.014614900837998109
0.009461051242027481,0.014576309797742007
0.009433268405251119,0.014542327559357053
0.00940680361963541,0.01452947062116
0.0093794471273287,0.014512617233579505
0.009352103945914415,0.014486376082896546
0.009324919840738292,0.014457162059889122
0.009300231237336325,0.014421959294823811
0.009275697027763926,0.014386162872037839
0.009249034655968139,0.014354542285627587
0.009222555159652073,0.014368898727000362
0.009198117514327414,0.014376752126492988
0.009179347351053642,0.014371710048729528
0.009155732875040122,0.014356809554419713
0.009130719454659708,0.01433413871565022
0.00910512690457221,0.014301497423363977
0.009079569619298747,0.014268155736608912
0.00905424023427167,0.014233501777227571
0.009028832911440177,0.014255614781273745
0.00900409089412436,0.014268263282431363
0.008978940660678324,0.01426442470484555
0.0089565195221861,0.014245660106919243
0.008933884381926938,0.01422236844501599
0.008915937803179048,0.014192533592906228
0.00890169691514811,0.014159096470984645
0.008885381311095794,0.014126006969905004
0.00887577841114748,0.0141814533263891
0.0088630082223005,0.014215818335356477
0.008841547687619345,0.01423134832956889
0.008821699096787008,0.014234135155090389
0.008802032446765496,0.014228489174519632
0.008787370733158264,0.014209877188211815
0.008768327450500721,0.014189015888895071
0.00874691271659288,0.014168801384957828
0.008723446430769733,0.014284477575359309
0.008701888713418942,0.014368278930142265
0.00868131511260523,0.01441838707657647
0.008659335539508322,0.014446740830477745
0.008636817900606737,0.014458223008652824
0.008614669514360192,0.014459594934346414
0.008593629967569722,0.014453346324677646
0.008576007729562934,0.014443909322498725
0.008564807703938844,0.014433247013711755
0.008563667387710102,0.01454704924204786
0.008578847443906634,0.014625464086387718
0.008561849125791726,0.014673162838378042
0.008542313120513999,0.014699058564233258
0.008520225136234896,0.014704067941462545
0.008498203840102907,0.014695278785091583
0.008476509023355823,0.014682103085749902
0.008454681999118755,0.014659240364999245
0.008434724888472276,0.014636140506433405
0.008414197033800393,0.014764322761891149
0.00840699833249048,0.014861150348165595
0.008385613446708434,0.014920496169694058
0.00836462078541224,0.014954913335530787
0.00834631934765819,0.014966967692108177
0.008327168751056147,0.01496825140947136
0.008309493662348039,0.014956794450467015
0.008291534577118504,0.014937365097890032
0.00827449752430507,0.01491001532214933
0.008257327088870137,0.015067443327089713
0.008237417158309019,0.015182678956217353
0.008217844221289102,0.015255605880196619
0.008201032482594867,0.015300779825093347
0.008189209470715208,0.015321474349946825
0.008176522113111165,0.015328900044442277
0.008167840352681808,0.015320778267933703
0.008156590547349884,0.015305926729763856
0.008141275301945283,0.015287348259243435
0.00812367999485461,0.01526482240672942
0.00810381874375857,0.015244274658554402
0.008087342107808529,0.015234005537600251
