lateral_error,heading_error
0.0006383556486583116,0.06536932266142023
0.0011852881497439606,0.08607357445087177
0.0033970243463593125,0.09190426652271907
0.0064641876986792305,0.09321706408820571
0.010260493660680733,0.09203257814798989
0.014347797730726973,0.08978908592835315
0.01842658276043191,0.08717230654147712
0.022325372177848513,0.08450665322875484
0.025965104587329278,0.08193165409610974
0.029316591697091,0.07950514253002618
0.03237758637784017,0.07724691471935927
0.03515996368353773,0.07515885746070919
0.03768254824789683,0.07323452216773083
0.03996708662213419,0.0766098228873193
0.04204576273739401,0.07933787816514923
0.04399322858563915,0.08080747486375423
0.045626180175846534,0.08134254179716507
0.046820540858460956,0.08105315553899271
0.04756925742095221,0.08024116482800336
0.047924143937010326,0.07912703929963502
0.04598520490540488,0.0778423994676292
0.044156997572157956,0.07646829095467349
0.04244633344788925,0.07505763118348524
0.0408513003717759,0.07364608152277208
0.03936594161191187,0.07225755189844027
0.0379826412760162,0.0709074654991724
0.03669335526427805,0.06951527897257719
0.03549030135165419,0.06814866746950195
0.03437176032093951,0.06666430518293166
0.033342930720671814,0.06509904482470752
0.03241009900128406,0.063480392192639
0.031558352012223886,0.06191216639201204
0.030782243152968448,0.06040696780446182
0.030303216678547174,0.058967624637881716
0.02983029574101666,0.05759409997232577
0.02936943880633649,0.056284881478432906
0.028924048941401718,0.05503763474254557
0.028495925716267793,0.05384958753094942
0.02808584746427959,0.05256901958093938
0.02769438456431012,0.05134588727281538
0.027324510525474414,0.05017089106824587
0.02698057540819484,0.04904194279217197
0.026664685202977014,0.04795754429897337
0.02637744995018309,0.04691602764073558
0.025959867529233342,0.04591559527994928
0.02556076568756663,0.04496082610426592
0.025179003921699583,0.04404932310078055
0.02480937946460675,0.04317255254925087
0.024452327637647597,0.042328812316130865
0.024109409563391325,0.04149883625333187
0.02377964754230877,0.040700783525790256
0.02346222712813812,0.039932844420155246
0.023156293347677367,0.03919335178437419
0.022861156986437706,0.03848075764712994
0.02257623469194959,0.037793622964222624
0.02221197551245637,0.03713060877325317
0.02186035179240234,0.03649046795107782
0.021520690395960714,0.03587203763367783
0.021192374328333954,0.03527423230252201
0.02087483433580906,0.034699994103173225
0.020567655835996086,0.03414406636273286
0.020269976722907215,0.033605053803085025
0.019980842672044134,0.03308232486043032
0.019699613663680747,0.0325752887760022
0.01942584050222035,0.03208334164987917
0.019138060322144674,0.03160588130153215
0.01885890940490034,0.031142319085735438
0.01858795793832275,0.03069208630462717
0.01832481447562097,0.03025463731988111
0.0180691204061409,0.029831337253166945
0.01782055226129825,0.029419589850217698
0.01757870129803639,0.02901860105564448
0.017343179725748517,0.02862805376406924
0.01711369139032805,0.028247645603708637
0.016889994785895486,0.027877054450698067
0.016670683080391095,0.027515950115799843
0.01645697999046207,0.02716400358437731
0.016248679877055253,0.026820892319333326
0.01604558380428472,0.026486318772234653
0.015847500973097357,0.026159925846923514
0.015654252881578727,0.025841334192273614
0.01546567234669188,0.02553030325510181
0.015281600429284257,0.025226599683612908
0.01510188526745575,0.02492998874383925
0.014926475231120711,0.02464023843763155
0.014755079130209136,0.024357122388186003
0.014587568139879926,0.024080421341109184
0.01442381628029267,0.023809867540227486
0.0142637018275312,0.02354532077280407
0.014107111936041875,0.023286581933235875
0.013953937986635728,0.023033467229153965
0.013804072359899534,0.022785798907475504
0.013657240833675739,0.022543405210031273
0.013513498103966412,0.022306120745538772
0.013372748795234521,0.022073786543151768
0.013234900960549283,0.021846249923547004
0.013099866126359633,0.02162339099734458
0.012967559252405624,0.021405039983937408
0.01283789859485184,0.021191069316888845
0.012710805352033094,0.02098134998601824
0.0125862035661445,0.020775757071534305
0.012464055622646403,0.02057417055293733
0.012344255295945508,0.02037647516962588
0.012226735831871739,0.020182560165361678
0.012111433056672663,0.02004595687217866
0.01199829897599238,0.019908845039520378
0.011887210700797022,0.019765923259967913
0.011778214496245713,0.019619349648738165
0.011671577166133344,0.01947119891728643
0.011583944764036616,0.01932286775033713
0.011500025131568115,0.019175284203762827
0.011418955193150232,0.019029079687148065
0.011340083339891591,0.019355762107383965
0.011264201950384646,0.019635015832500415
0.011186344144740443,0.01982108760779689
0.011102286732254751,0.019934518025870433
0.011012685476936762,0.019998515818417596
0.010959745743495845,0.02002916888160956
0.010917599500072572,0.020037130952986523
0.010882396774871671,0.020855212521590987
0.01085427539306906,0.021571982219894092
0.010823484466783339,0.022128487248084257
0.01077770495182047,0.022550944956322233
0.010714322877672754,0.022876258994352
0.010631362246655628,0.023133495731597904
0.010554229722223203,0.023343324566441132
0.010482134555515363,0.024471895038828854
0.010414817167310715,0.0254661878411131
0.010346942011675424,0.02623950209492577
0.01027291331040166,0.02684210520524198
0.010195219978862248,0.02732513243277724
0.01013567637874098,0.027723831107599302
0.010068172434017992,0.028063084762457016
0.009998020899473192,0.0292553673190124
0.009927034559292105,0.03030412745727813
0.009858345776106732,0.03109387228842708
0.00979837539120205,0.03169400471544174
0.009756924848368924,0.03216928462666045
0.009744739496747644,0.03255920236849406
0.009715566588201354,0.032889835492407066
0.009678531039313898,0.03394566631900783
0.009637578563535363,0.03487230191097408
0.009602713247202882,0.035563356730887806
0.009588385510448338,0.036079863070883705
0.009608829556728482,0.0364802436574022
0.00962232663483442,0.036801412546323096
0.009616978620302809,0.037068268402219426
0.009602807484936632,0.03795959630197105
0.009584715349645471,0.03874068027365171
0.009576239300596378,0.03932241177765918
0.009595010898758801,0.03975182424867137
0.009657318161392554,0.040077207211215625
0.009675049364660926,0.040331497128260674
0.00967592802701674,0.04053774441450348
0.009669286370312542,0.04130530606501802
0.00966006508557063,0.041977079012697996
0.00966348143250041,0.04247602998455045
0.009698120751700389,0.04283995391353816
0.009781068595618395,0.04311039843141807
0.009795688290392481,0.04331725651920218
0.009796282932153899,0.04348189707887318
0.009791138395189752,0.04416727036386496
0.009784962306731234,0.04476669007022146
0.009794199455735226,0.045210507673258085
0.00983788542124248,0.04553160439495896
0.0098760982274344,0.045767568781388254
0.009889215473330945,0.045946131580406495
0.009890671551409215,0.04631172732998846
0.009887954520525464,0.04660866344004362
0.009895059167720306,0.04677735331827765
0.009930725116268213,0.046842242619939675
0.010010350378750877,0.04683835337755443
0.010069290902304144,0.04679101508352123
0.010115568434753688,0.04671656405828884
0.010157723693810133,0.04654022363118176
0.010200710861521188,0.04634572654834701
0.010255704691897263,0.046131806040439975
0.010330055676166978,0.045905999547666054
0.01037253598117431,0.04567401538303096
0.010409750969030494,0.04544224761206579
0.01044465630918566,0.045192946648153556
0.010479115686864568,0.04494617139060335
0.010513775779432754,0.04470200935433125
0.010548968091462035,0.04446044580391964
0.010517018894475079,0.04422145489543772
0.010485208935443116,0.04398500468335137
0.01045365788779379,0.04375477145605893
0.01042239745251699,0.04352869094415532
0.010391794839914013,0.04330714664705808
0.01035824627446584,0.04308569363491471
0.01030434859749068,0.04286806995853789
0.010251124792196432,0.04265126915641508
0.010198446259904115,0.04244007490169691
0.01014630647976066,0.042229328929648056
0.010094579275946656,0.04201828249510345
0.010043384440112369,0.04181074134619194
0.009995512327744581,0.04160363020696313
0.00994817054367618,0.04139995914600513
0.009901104701714233,0.04119513770692475
0.009854525871778328,0.040992092588298876
0.009808691064044145,0.040790671834057345
0.009763781742034005,0.04059097325740102
0.009719116246976309,0.04039305972476769
0.009674768110705346,0.04019706955382274
0.009630816451360996,0.04000204014124104
0.009587296545052408,0.03980888699618093
0.009544222472805064,0.03961759801721865
0.009501608358913076,0.03942814944490701
0.009457665454812754,0.03924051739466326
0.009414126687421752,0.03905467884129185
0.009370995739941821,0.03887046811719215
0.009328264688998528,0.03868798387036655
0.009285890613567122,0.038507199837443634
0.009243855509600019,0.038328096707957116
0.009201370508191023,0.03815065391522664
0.009159281736824492,0.03797486763400478
0.009117580003258118,0.03780068534635851
0.009076240673334738,0.037628083486383794
0.00903524930547314,0.03745704699721499
0.008994433243703533,0.03728755859079904
0.008953988442483032,0.03711959955101892
0.008913907081445405,0.03695314496560163
0.008874182383717158,0.03678817562262064
0.008834803516845856,0.03662467382352782
0.008795741954759293,0.036462622883995044
0.008757027178155111,0.036302005270352926
0.008718652788459937,0.036170627894951124
0.008680615803607853,0.036034925694263815
0.008643096141734747,0.0358960988701064
0.008606506237873278,0.035756047784289334
0.008576618355146136,0.035615683438724025
0.008547802273659016,0.035702816605126995
0.008520080914744177,0.03574622945703699
0.008488329896920803,0.03572716377631188
0.00845271114802636,0.03566793789147112
0.008445528076420981,0.03558408428644387
0.008443467249961567,0.03586440307184414
0.008442648748292002,0.036102830250087176
0.008429339528891345,0.03623123480772684
0.008400373139764125,0.03628037937615918
0.008373931742127349,0.03628473633996685
0.00835121822884189,0.03671807851823859
0.008329191984085743,0.03708154519433362
0.00829925818212122,0.037301361673209035
0.008265912756212817,0.03741690608596031
0.008232549828878733,0.037472071703929265
0.00819942914733091,0.03792435308508661
0.008166587078218737,0.03830279103906204
0.008135012821607663,0.03857516142828483
0.00811353647972006,0.0387775156251824
0.008094726509023941,0.03890846199184416
0.008071757187122474,0.039404044492994346
0.008049083622912184,0.03981849606899717
0.008037730027549787,0.04011498493210152
0.008049035937204303,0.04036554785609254
0.0080619426120115,0.040567785601199655
0.008066482057105358,0.041101503837459946
0.008071736586204569,0.04154025402494097
0.00809905554436146,0.041850318865313936
0.008163860463835645,0.042110869292899825
0.00820796292346179,0.042325364521375725
0.008241210466268014,0.042825089103134144
0.008275965478911317,0.043216009327054515
0.008339786232448724,0.04348565883840596
0.008449200881839257,0.04371073978871738
0.008501035195279522,0.043888452915843215
0.008542546678607849,0.04431947546540366
0.008586530712053324,0.044653042966818234
0.008661488228292262,0.044879588957668366
0.008721947035934473,0.04503916798525276
0.008755891333157273,0.04513168060218038
0.00878251241030373,0.04526333479818164
0.008811969432652167,0.04533329302612673
0.008869671009570087,0.04532295435082809
0.00890716417466338,0.04526243567911271
0.008931662340724856,0.04517446567250327
0.008954000595039147,0.045033698762666684
0.00897845895983572,0.04488707320297868
0.009009012225374285,0.0447382879505895
0.00902127613025244,0.04458867039181063
0.009031264119750158,0.0444389180134505
0.00904098098915115,0.04428189490710587
0.009050701783475916,0.04412598519526158
0.009059991392271885,0.04397116111353094
0.009038330016881136,0.043817416149438265
0.009016867605938943,0.04366474251337771
0.008995552587196174,0.043515039333081845
0.008974136799167939,0.043366144587288616
0.00895183306028811,0.04321786743527785
0.008921434739806961,0.043070354963071794
0.008891295459539936,0.042924448064491104
0.008861349199524261,0.04277921055414491
0.00883147251785137,0.042634589876862854
0.008801772696632487,0.042490726041749624
0.00877221985941054,0.04234771113479699
0.00874285918018215,0.04220539210813298
0.00871371167826778,0.04206395280537447
0.008684823297861048,0.041923389928763516
0.008656131803450675,0.041783722781365204
0.008627613713027915,0.04164490843466054
0.008599286015146212,0.041507011388555747
0.008571160159840371,0.04137002644648337
0.008543003863490403,0.04123394747354268
0.008515030434740473,0.041098767316287234
0.008487239739256266,0.04096451157200576
0.008459629444415332,0.0408311362438212
0.008432194551697697,0.04069863518204247
0.008404922986977334,0.040567003009609436
0.008377826338349546,0.040436215514074524
0.00835090434136246,0.04030627083696514
0.008324158228917434,0.040177165231330636
0.008297664680720324,0.04004889458122334
0.008271335399995005,0.03992145561210511
0.008245173551775438,0.03979476617160592
0.008219179271934189,0.03966888107815175
0.008193354547393703,0.039543798811071056
0.008167716941797467,0.03941951482403187
0.008142238380652757,0.03931494904872847
0.008116868113226873,0.039208719814529704
0.00809162462262909,0.03909937294290813
0.008071950448713984,0.03898850947375952
0.008053109987634033,0.039046476503974185
0.008033946468771156,0.039070037244054695
0.008010334994317608,0.039049119395152695
0.00799704238976145,0.03900065821125432
0.007987345396214159,0.039233539717688164
0.007976783380270384,0.03940398803080174
0.0079564486611077,0.039499005138865166
0.007932381839415432,0.03954240836255433
0.00790920028918907,0.03989949540012083
0.007885913784098976,0.040177947753801374
0.007863777593743524,0.04035905604855306
0.007853315367072171,0.04047358603431975
0.007837833788797969,0.04087335586915273
0.007823305411053435,0.041188177508129344
0.007825747481402353,0.04139008916612794
0.007840019034871247,0.041517073501278805
0.007844501707668457,0.0418835676856104
0.007850258399107116,0.042171261674741535
0.00788184632712951,0.04235221129084847
0.007906960251207613,0.042460177513746374
0.007920794358965377,0.0427795052360556
0.007935993136033886,0.04302867660793425
0.007979087568129485,0.04318158632140643
0.008001422503170583,0.043266633089620664
0.008013490031420607,0.04355243623612925
0.008027303853135461,0.04377396375666693
0.008068717219776115,0.04390644568302245
0.008084459848926029,0.04397560816982758
0.008091733132473083,0.04424374494101933
0.008101367457366645,0.04445082221592256
0.008138329053159416,0.04457318975354778
0.008149605720157129,0.04463551291428646
0.008153961599488066,0.04466690419939726
