lateral_error,heading_error
0.0007439490907668598,0.08494821527283931
0.0015588618762485164,0.1112069934371425
0.0048465622345540155,0.1179853545998051
0.009822482065259236,0.11787888064967074
0.0153676506993727,0.11538491558316649
0.020947485991299735,0.11190760656838077
0.026401983677956438,0.1077398660112893
0.031448568631727986,0.10343373099582256
0.035956505540041324,0.09928226753865214
0.039903081680579496,0.09540087578920352
0.04331720724228671,0.09182182207135609
0.04624876607692059,0.08854246067560512
0.0487540266612223,0.08554620359162693
0.05088870256344698,0.08620218021604927
0.05270170956516336,0.08649788790411331
0.053655546036839134,0.08539874501274088
0.05365694327543364,0.08337085237192379
0.0513936548372623,0.08091141407000442
0.049170823938882086,0.0783016060567904
0.04707011501313229,0.07568062702667157
0.04511565885380828,0.07311534873669344
0.043307159324850686,0.07061311887185487
0.04164111656315924,0.06822669469309484
0.04010768944176099,0.06600131698408201
0.03869452754533976,0.06392820803733494
0.03739013283079286,0.06199586162158121
0.03618403707542999,0.05999539039399214
0.03506594003032914,0.05811640454499736
0.03404622243286147,0.056329730733496695
0.03312486483096136,0.05463385825228895
0.032399232298345765,0.05302715715756724
0.03169363728536062,0.051505122279408753
0.031015390376418015,0.05006287067389265
0.03036815159834213,0.04869547843308617
0.029753374834528144,0.04739814896413288
0.029171164015925715,0.046166302772221356
0.02862079585938453,0.04499562136412581
0.02810104801689816,0.04384231618103606
0.02760770191927831,0.042746608750127084
0.027138793702518847,0.041704368507878384
0.026692761205832173,0.04071178299013895
0.02613056787637765,0.039765389684252646
0.02559369929364985,0.03886204058804785
0.0250805368605808,0.03799886759575591
0.02458959387129493,0.03717325204918899
0.024119501648988982,0.03638279814330063
0.023668997693121373,0.03562530965436732
0.023236915403857746,0.034898769519089975
0.02282217509511415,0.03420462618037243
0.02242329434456984,0.03353745819062686
0.022037244774781823,0.03289505633620588
0.02166264097122512,0.03227623126323806
0.02126498852335054,0.031679887213489556
0.020882185352871566,0.031104938519514996
0.02051326785186431,0.030550326772337776
0.02015739141658742,0.030015037746173888
0.019813807499695572,0.029498109041321437
0.019481844605614668,0.028998632251358535
0.019160893823596568,0.028517104009344936
0.018850362159986568,0.028051172869409877
0.018549383082821426,0.027599833849380924
0.018257410291976375,0.02716250291366699
0.01797214100162431,0.026738621894359715
0.017695646995156106,0.02632764278068107
0.01742753463077048,0.025929024397981316
0.017167427644145663,0.02554224156165697
0.01691497108291796,0.02516679029292463
0.016669831135149183,0.024802189936109848
0.016431693762582963,0.02444798167660183
0.016200263131303922,0.024103726211393835
0.015975259630970455,0.02376899102394844
0.015756426481322517,0.02344340203179182
0.015543516449564676,0.023126601630072553
0.015336279028623702,0.022818246990889524
0.015134493353367964,0.022518009631752166
0.014937948357598868,0.022225576091415167
0.014746443120622016,0.02194064789200265
0.014559786575222024,0.02166294866975576
0.014377796957292929,0.02139219879274054
0.014200302553955857,0.02112814918219699
0.014027139105556587,0.020870556599950758
0.013858194602808648,0.020619189473754636
0.013693272860282076,0.02037382608889357
0.013532231245394833,0.020134254835248375
0.013374934498628999,0.01990027416718769
0.01322125395785807,0.019671692076902482
0.013071066978868461,0.01944824455935606
0.012924255435958185,0.01922982365270678
0.012780707495807685,0.01901627004597497
0.012640317130390653,0.018807424771871997
0.012503169296918878,0.018603136165974376
0.012368965129413777,0.01840325885609271
0.012237612882311084,0.018207653193591095
0.012109024974323108,0.01801618565926828
0.011983117486852069,0.017828728615531857
0.011859809840236893,0.017644997861332945
0.011739019556470855,0.017465021024120807
0.011620669491001405,0.01728869309754622
0.011504688901198924,0.017115906043722914
0.011391106323776184,0.01694655639604829
0.01127974646099251,0.016780544721079767
0.011170546372060476,0.016617774901365647
0.011063446191359887,0.016458154792070447
0.010958388546958842,0.0163014530199338
0.01085531262016329,0.016147712672930567
0.010754159203827317,0.015996858009686667
0.010654876129907656,0.015848810097543502
0.010557440409634852,0.01570349301541103
0.010461773975519168,0.015560834270714169
0.010367829256789534,0.015420763239929603
0.0102755617354658,0.015283211833689744
0.010184929121650707,0.015148114772055027
0.010095890850979337,0.015015263952340416
0.010008399322003496,0.014884727686434542
0.009922407886595083,0.014756453145377412
0.009837858438175497,0.014630383795707925
0.009754743799134857,0.014506465091511097
0.009673025661761796,0.014384644787478706
0.009592668959014809,0.014264871485348924
0.009513641115888897,0.014147095737856582
0.00943591130002232,0.014031157836412594
0.0093594431816162,0.01391710939972279
0.009284200432165157,0.013804910619204478
0.00921014629010269,0.013694518455331513
0.009137269973599297,0.013585891269008997
0.009065541327508673,0.013478989285006229
0.00899493297570472,0.013373773635861052
0.00892541981900469,0.01327020653315338
0.00885697831436011,0.013168149991170707
0.008789579714031291,0.013067655923989714
0.008723195522344324,0.012968694171462196
0.008657808959164102,0.012871231409386218
0.008593400113693184,0.012775235374770568
0.008529945284267057,0.01268067530866987
0.008467423158717728,0.01258752156087487
0.008405814411998709,0.012495744998467222
0.008345101050136016,0.01240521817759186
0.00828525939510339,0.012315998182763037
0.008226266439613848,0.012228062024790601
0.008168113360344842,0.012141383566332856
0.008110780631048411,0.012055937506884627
0.008054249422691014,0.011971699819665038
0.007998503022260307,0.011888647686959054
0.00794352647965144,0.01180675849315167
0.007889305997316314,0.011773376196753522
0.007835653400743402,0.011736346028499605
0.007783128607886761,0.011692297553604725
0.0077396097849510535,0.011643212640482742
0.007699558058594866,0.011590923454493274
0.007661560990627863,0.011537085477282136
0.007624492022494213,0.0118653886685315
0.007586562539312101,0.012134258660239873
0.007542701609204154,0.012322449175094324
0.007494300599769043,0.012448423461168626
0.0074693832143637165,0.012530632196318222
0.007452121247559077,0.01258510185267027
0.007437239271665574,0.013242884321264957
0.007419845497276801,0.013797533999164426
0.0073897894624845835,0.014227178993138478
0.007346856997056678,0.014553478472238581
0.007301632626926028,0.014802810291556567
0.007258584993475304,0.01500131655296695
0.0072168032026945165,0.01584272754227471
0.007174700973709211,0.016561737472307967
0.007131532728166662,0.01712946165359801
0.007096161957723685,0.017575330859441997
0.00707599086879337,0.017929181278508118
0.007046886439857358,0.018219350141758114
0.007016086920868307,0.01908059345445433
0.006987702672491046,0.019817643713566774
0.006972845469622579,0.020393597072356887
0.006989308726346855,0.02084272702083454
0.007010533402609882,0.02119723329229517
0.0070143274697026595,0.02148450150451568
0.007013804735131453,0.022255412193196804
0.007016930895018899,0.022912612788234955
0.007040810742840878,0.023422385440998242
0.007107204403420009,0.023813581430107325
0.0071443348559811016,0.024115027810165647
0.0071615403721611475,0.024352017168420247
0.007173457558737754,0.025017162397116696
0.007189182273105274,0.02558039957072882
0.007226457934346188,0.026012846800829034
0.007307275896025471,0.026337375744224262
0.0073365783734705425,0.026579435845267913
0.007347821884880768,0.02676246419173121
0.007354389479384594,0.027347956279341373
0.007364815686749407,0.027839770999313163
0.007395383080077778,0.028212566252581683
0.007466713776547914,0.028486109471587043
0.007482203598625459,0.028683935475899498
0.007482864407328791,0.028828052120254972
0.007480101813421435,0.02936440480459754
0.007481455826149407,0.029811980485799732
0.007501664393794226,0.030148073715194318
0.007560042248632728,0.030391142753734668
0.0075662440558918265,0.030563560131893316
0.007560288944450655,0.030686315524877522
0.007552073208575201,0.03094486346221488
0.007547792002441725,0.031134690817162865
0.007559283830859367,0.031239337019187945
0.007600257003968995,0.03127739741479308
0.00763282411558821,0.03126789710919779
0.007654720722227648,0.03122537735832721
0.007675351704675005,0.031160470438211713
0.007701865964795017,0.031034696807116357
0.00773756201891744,0.030899314257113335
0.007780578555399166,0.03076193350202709
0.007803429331638112,0.030623710630911325
0.00782182231119024,0.03048525199596745
0.007837878421457282,0.03034699406479989
0.007853223502795372,0.030209271476692477
0.00786918728976245,0.030072360676158393
0.007886914735157726,0.02993379877951198
0.007902050662633955,0.029796006888106834
0.00791569298507144,0.029659390492929018
0.007886654733269587,0.029523969320602035
0.007858085889781978,0.029389748888635492
0.007829855467554304,0.029256733676188435
0.007801842006963857,0.029124930454657874
0.007773928037900903,0.028996773345519797
0.007746855045492828,0.0288712025969952
0.007720486028424859,0.028748186572709215
0.007686912216075137,0.028624461323854267
0.007653658048326322,0.028502931000525866
0.0076205161432124895,0.028380979803930072
0.0075876628109337665,0.028261431811456156
0.007555334117664089,0.02814009207122857
0.007523488898882163,0.028019434442552376
0.007492253131343855,0.02789949499193933
0.0074629730085681144,0.02778033680143393
0.007433653894532986,0.0276620066426802
0.007404488770136374,0.02754463510841649
0.007375569215796566,0.027428246568029068
0.007346978783472905,0.027312081970901177
0.007318673649702026,0.02719689081090377
0.007290624846370198,0.02708267227662953
0.007261278729109379,0.02696941529736791
0.007232165474983883,0.02685710894560289
0.007203286350261119,0.02674574302602123
0.007174644590368196,0.02663530844455663
0.007146245976419939,0.026525707677107487
0.007118052900439142,0.02641700065654806
0.007090037166768294,0.026309177103064744
0.007061464470165503,0.026202229252894966
0.007033137958973134,0.026096148731818366
0.007005046823326176,0.025990926820332563
0.0069771826258195275,0.025886554775782424
0.006949539281217059,0.025783013553212653
0.006922103230011312,0.025680293844130238
0.006894864315770803,0.02557838792119183
0.006867679122160939,0.02547728848628529
0.006840714902708478,0.02537698777719846
0.006813965516051413,0.025277477842031642
0.006787425908862306,0.025178750821446785
0.006761092195339034,0.025080799289182408
0.006734961677932958,0.02498358886191214
0.006709027776633497,0.024887131616729164
0.006683286433286882,0.024791420368405304
0.006657733426947991,0.02469644750910477
0.006632376972650073,0.02460220554922339
0.006607213664659325,0.02450868736300991
0.0065822409359447024,0.02441588651972852
0.006557457098758459,0.024323761530068034
0.006532857742225786,0.024232332955565136
0.006508439907444344,0.02414159433724326
0.006484224745155852,0.024051538600028382
0.006460189954242174,0.023962158939228644
0.006436333059905596,0.02387344904969811
0.006412652379433604,0.023785403454340447
0.006389147100273897,0.023697971792188972
0.006365813055404422,0.023611184263243594
0.006342647468658177,0.02352503530263719
0.006319672601677405,0.02343951852245169
0.006296864024712759,0.02335462781262022
0.0062742196955799375,0.023270357562064595
0.006251738376619003,0.023186702966032598
0.006229419727773508,0.0231036105678336
0.006207259549701938,0.02302111506579901
0.006185255025138785,0.02293921161608454
0.006163419891186846,0.02285789446482782
0.006141738923533636,0.02277715809935651
0.006120210154685587,0.02269699745683801
0.006098832438239093,0.0226174082003361
0.006077605529033762,0.02253833878721934
0.006056525403270827,0.022459823614610144
0.006035589267798023,0.022381858386012365
0.006014804443473203,0.022304437909801595
0.005994163043208246,0.022227557197563568
0.005973663083039362,0.022151211658118796
0.005953303399251605,0.02207539734436255
0.0059330837094316745,0.022000066091973077
0.005913000364717831,0.02192525043488294
0.005893050708208023,0.021850946531007342
0.005873240112826649,0.021777149682582264
0.005853563157574887,0.021703855366807
0.005834017879414333,0.021631059415936345
0.0058146031193722515,0.021558758239717982
0.0057953185684224955,0.021486906725055245
0.005776161021438924,0.021415535693073785
0.005757128009532936,0.02134464170212416
0.005738225141737489,0.021274220486729438
0.0057194469197717375,0.021204267936824523
0.005700791444335914,0.021134780265271574
0.005682257597915742,0.021065754209655813
0.005663845079723703,0.0209971873985874
0.0056455545618107296,0.020954714175107542
0.005627965183571245,0.020907634594346976
0.005611900240082493,0.02085754354795131
0.005596659661580472,0.020805657902386036
0.005582311883511937,0.020752939130383192
0.0055683549401541405,0.020885082618518666
0.005553615639315531,0.02097520029891969
0.005536703968128747,0.021022934947978897
0.005519405180780443,0.021040933660869832
0.005515959697595308,0.021037805893474624
0.005516468816610428,0.021019460403971638
0.005517292866844109,0.021272379640022113
0.005514112260774209,0.021490552962956315
0.005501902488229279,0.021642073875827367
0.0054849315811908855,0.021741275751145747
0.005469818419357042,0.021805655013854477
0.005455847607176738,0.022176452734304877
0.005441059536657101,0.02248226788165179
0.005424513091594634,0.022725021904295456
0.005410561378560113,0.02289588594460494
0.005397746382655846,0.023011820774176326
0.005382636844267133,0.023092141001785974
0.005367404464770555,0.023442581499433162
0.005353721104205944,0.02373643578797041
0.005345963865099275,0.02397128113565315
0.005353615182173275,0.024138106543298742
0.005349844307985976,0.024253086887530705
0.005342606624470829,0.02461767815809351
0.005336150771257279,0.024915336171624974
0.005337053803199099,0.025120140794002474
0.005355270138725232,0.025252704281535587
0.00535218522161315,0.025334628426400205
0.005343373326110247,0.025383759240047394
0.005333224528108876,0.025654765468709394
0.005324629186027482,0.02587596958817467
0.005323659821633001,0.026024129972712896
0.0053399779905950705,0.026114708718152482
0.0053292926983178135,0.026166941074805987
0.005316241348089024,0.02619367386121542
0.005303034422304304,0.026444308960166717
0.005291592786809105,0.0266507705510853
0.005287786460146541,0.026789530291288183
0.0052813467891160435,0.026875087679223825
0.005269603036960685,0.026925391484523102
0.005256519801996878,0.02720835347841
0.005243887634852789,0.02743900288043656
0.005234373653200959,0.02761526230048413
0.005235334857723913,0.0277296259327856
0.005226570284137297,0.027798360257266518
0.005214441225996164,0.02783704873679173
0.005201717811124434,0.0279734132482016
0.005190031298389432,0.02806539152190142
0.005182738610400386,0.02810815815976895
0.00518525832848943,0.02811520599942649
0.005185320862200144,0.02809803581134517
0.005182168986515608,0.028063394685375248
0.005178904423427511,0.02801721246026309
0.005177172186377461,0.027953276900323037
0.005177899620711735,0.02788593658818681
0.005181371645817451,0.027817144716077196
0.005190145481131329,0.02774722228384158
0.0051966457895322145,0.02767640955569518
0.005201965117100636,0.02760491487674616
0.005207047485548638,0.027532921922247485
0.005212054774511238,0.027458921858697003
0.005217158416700459,0.02738531245482554
0.00522219155963623,0.027312099660167368
0.005213536807558614,0.027239281049754774
0.005204938026057791,0.02716685398137183
0.005196386698087371,0.02709481599855391
0.00518788004009603,0.02702316501042355
0.0051794211167694,0.026951899584925002
0.005171019639270234,0.026881486403517205
0.005162370832638694,0.026811358049107278
0.005149060454499143,0.026741491177970075
0.005135884249075136,0.026671910769669505
0.005122815031330144,0.026602636070269314
0.005109825919527053,0.026533680652672365
0.005096893690713961,0.026465054118318742
0.005083999963358779,0.026396896876152615
0.005071119536744699,0.026329031657130998
0.005058242843668675,0.026261466325743624
0.005045288248752014,0.026194212300683358
0.005032394077247121,0.026127277297624655
0.005019563976249223,0.026060666156583066
0.005006799941358845,0.025994381659502398
0.004994103709046705,0.025928412862505936
0.004981476461760431,0.025862773443342868
0.004968919363657859,0.025797463659019144
0.004956408978133869,0.025732482770804095
0.004943960241432861,0.025667829599108478
0.004931573505773865,0.02560350274659559
0.004919248778593083,0.025539500808382954
0.004906985846131453,0.025475826264987757
0.004894784134075393,0.025412472032422934
0.004882642982789464,0.025349435707987752
0.004870573736904608,0.025286715274466045
0.0048585636462386075,0.025224308943694547
0.004846612392328262,0.02516221526787184
0.004834719893743038,0.025100433358783168
0.004822886357613315,0.025038937923024918
0.004811111365723469,0.02497774532474243
0.004799394740547038,0.024916854254342174
0.00478778353018845,0.024856262946663796
0.004776226760091036,0.024795969846678367
0.004764724755373299,0.024735973753365722
0.004753278202039537,0.024676274040354933
0.004741888270663779,0.024616830007803063
0.004730553668863246,0.02455767377629636
0.0047192736692165446,0.024498804477147508
0.004708069573551872,0.024440220404275837
0.004696917698611457,0.024381920003730583
0.004685817925160357,0.024323902015349945
0.004674770632582608,0.024266165655620116
0.004663776784126664,0.024208672841665037
0.00465283449944559,0.024151453953123528
0.00464194251155174,0.024094508140939313
0.004631101771212382,0.024037833802828017
0.004620311734797671,0.023981429438796595
0.004609571738821578,0.02392529378004289
0.00459888168536309,0.023869425944197817
0.004588242085384696,0.02381382572327762
0.0045776542046105685,0.023758451177513226
0.004567114032843717,0.023703335588237756
0.004556606572336544,0.023648478321774104
0.004546148795433708,0.023593878034528216
0.0045357394608518805,0.02353953349553046
0.004525377917759658,0.02348544375620753
0.004515064119266804,0.023431608385611865
0.004504798701113469,0.02337799452653006
0.004494578519120445,0.02332462749266413
0.004484402035149135,0.023271506615412885
0.004474266337965277,0.02321863064606456
0.004464176989655496,0.023165998429699727
0.00445413326568943,0.023113609058576113
0.004444134998514805,0.023061462082387088
0.004434182635421265,0.023009527951948636
0.004424273720399678,0.022957829304278955
0.00441440700660299,0.022906365507593725
0.00440458568638853,0.022855135378363138
0.004394808491615084,0.02280413782969958
0.004385074765434495,0.02275337201383307
0.0043753843744350224,0.02270283751596435
0.004365737760870398,0.022652505520726847
0.004356132841007593,0.022602398309153317
0.004346568510715488,0.02255251531671738
0.00433705066772471,0.02250285542233806
0.004327574832606324,0.022453417602287327
0.004318140404123157,0.022404201063875126
0.004308747288205785,0.022355205424201004
0.004299395946445323,0.02230640218457921
0.004290084514328364,0.022257813637963392
0.00428081194794459,0.022209439289188636
0.004271584365237675,0.022161278080388255
0.0042623968477405365,0.022113329046152486
0.004253248809678933,0.022065591439207964
0.004244140164089897,0.022018064894287967
0.004235071365921767,0.02198453801103747
0.004225983526454193,0.021949428095581845
0.004217080190197846,0.02191229225902625
0.004211411721361584,0.021873700862091502
0.004206760633010734,0.021834155406920398
0.004202682750254502,0.021794076587027256
0.0041987184926550025,0.02187757014931586
0.004193346424230585,0.021937130633836607
0.004185547608982745,0.021972708027178153
0.004181542744744508,0.021990453779912923
0.004180927689813441,0.02199582956350717
0.00418182360448527,0.02220128394936937
0.004181711670352291,0.022363201373390994
0.004177629961887584,0.022483403733003615
0.004169636552005363,0.02257036379277533
0.00416103709702463,0.022632770849827583
0.004153154525752521,0.022678307697898057
0.004145484930891991,0.02293734670149461
0.004137145820128548,0.023148885876997472
0.004129010742936832,0.023314188958390072
0.00412583524624834,0.02344321323699521
0.004123375774270134,0.023545343349725495
0.004119015729436287,0.02385064509501223
0.004115139865255627,0.024100235606291976
0.004115332375072429,0.024291104922214413
0.004125284337570394,0.02443735679620898
0.004137929288163036,0.024550343128516686
0.0041437403284141465,0.02463931324213593
0.004147623431031359,0.02489943159298938
0.004153455546803859,0.025114128079791905
0.004167008036459927,0.025279635842824742
0.004196145962344307,0.02540590877418925
0.004210842833481449,0.025502460842478758
0.00421966265928746,0.025577893804470783
0.004227397122127754,0.025808170715671347
0.0042384150978781255,0.02599901183255526
0.0042594733671614425,0.02614617338754186
0.004299549409741063,0.026257778832106695
0.0043129776651904825,0.02634254460109154
0.004321871178862795,0.026408693192597716
0.0043306576352820925,0.02662170759296358
0.004343923330112096,0.02679877261492284
0.004369106458342599,0.026935470062518528
0.004390996541777095,0.0270391897473679
0.0044034709567347275,0.02711827641329114
0.00441258990706392,0.027350751575373828
0.0044227249275678015,0.02754110578650584
0.0044396697758185295,0.027685081534712115
0.004470823285265863,0.02779128763038474
0.004484100039998987,0.027868600623025836
0.004490879075480902,0.027925137541620317
0.004495823067939162,0.02796830825878452
0.004502313923884898,0.028005424659306253
