lateral_error,heading_error
0.001934408740031006,0.059176856178227474
0.0022746194533111597,0.08081189800937043
0.003437684848343933,0.08966959155480714
0.006542218912657186,0.09153377742845466
0.010376067704155919,0.09034378723380056
0.01469599888809196,0.08776755246497278
0.018191782938092475,0.08554082190491846
0.020881060688781164,0.08357802443033052
0.022966087593258376,0.08198098653708927
0.025687365159781563,0.07966100317209018
0.028532896833144902,0.07733020493529037
0.03120633685845759,0.07514854644096129
0.03347879959643529,0.07833072051434119
0.03553974420121334,0.0808837314453518
0.03799228221083409,0.08173437396228833
0.040487999419643615,0.08114070826905884
0.04208316622717627,0.08005819277287801
0.043141590171075814,0.07860152485181664
0.04326688711115519,0.07727008263578353
0.04144076466869398,0.07584005056433848
0.03980304927090185,0.07454170616362256
0.038282205257874756,0.07324749801550623
0.0368238846857026,0.07186395215288335
0.03550777832364676,0.07040295089031787
0.0343429196317648,0.06899752024108358
0.03334669402139698,0.06747794996817122
0.03245775915213805,0.06583188860389919
0.031773953974618914,0.06417658815838427
0.03127721684450932,0.06251402522144285
0.030961392628909318,0.06094467061090726
0.031010406366100016,0.059508154913143
0.03095168626848263,0.05807723087679448
0.030871049330210593,0.05670764741546634
0.030961537505344305,0.0554929999440495
0.031092175648696166,0.0540161349056092
0.031236281542015396,0.05261255099694388
0.031228644298616534,0.05125775914853801
0.031156445749819142,0.04995852104602237
0.03117628216282638,0.048735879627816545
0.031053497833068468,0.04756438598895492
0.03062613569925645,0.046462131405225725
0.030161843493024844,0.045398357788196196
0.029769757188382498,0.04439514220066017
0.029340917061137662,0.04342382361092115
0.02891854121311384,0.04248419504380108
0.028516227055658767,0.04158434886985466
0.028180673999545467,0.04071901358551465
0.027791428420096232,0.03989181766033059
0.02743713147720166,0.03909587063056847
0.02707428042246287,0.038331997272485874
0.02658280315137116,0.037596985863264945
0.026096632685854736,0.03689340048276974
0.02561598503182586,0.03622627018701057
0.025163392863167384,0.03558434096429848
0.024729788330951952,0.03496302729145614
0.024328533219892423,0.03435583036850083
0.023928673138020242,0.03377121741270418
0.02355791170884493,0.03320153930809993
0.023201514061866737,0.032649810916138416
0.022832387321975216,0.032114669912144615
0.022468488833572553,0.03159795187073956
0.022128204948808048,0.031096520855506165
0.021791535369698516,0.03061354317684267
0.02147147402698852,0.030144131130846654
0.021174216446983803,0.029687538487334082
0.02091304443780892,0.02924518994986021
0.020664394191262377,0.02881626468948024
0.02039617300631358,0.02840123604459055
0.020162054289855832,0.028004444688731964
0.019914680983501673,0.027615447195125823
0.01968346467144631,0.027239850117971077
0.01947598610826047,0.026867529996937065
0.019260196018523898,0.026504666415662227
0.019086729815739285,0.026153643550611994
0.018953644813963378,0.02581537159210177
0.018822911662239233,0.02548447979088036
0.018618024256974976,0.025159593058592476
0.018396582145704943,0.024841127199946002
0.01817791060772095,0.02453074747012033
0.017959442888835574,0.02422891372370497
0.017741669977192596,0.023940374704527843
0.017527946018677774,0.023661446273670107
0.01732110895556152,0.023390537093833937
0.01711734240345923,0.023120358970509687
0.016921715533579674,0.022852184803142817
0.01673003441668991,0.022589539491255726
0.016543253435642113,0.022332930002922566
0.016357696002155395,0.022082339208992042
0.016181578798879916,0.021836986905746602
0.016004004936794044,0.02159777063809974
0.015831130691873186,0.021363254382737378
0.015661207477926074,0.021133933662875422
0.015495714945084492,0.02091116440509374
0.015338290836347091,0.02069434203479755
0.015185198331379038,0.02048246155071374
0.01503337060686932,0.02027375981806301
0.014880308609717468,0.0201322289063331
0.014735118802556986,0.020002473015859362
0.014601193280704765,0.01987326229088616
0.014466794799495359,0.019729482602869452
0.014332962790369467,0.019574067415954015
0.014204662336417229,0.01941518529007763
0.014092336013117494,0.0192473800290899
0.013985311649122088,0.019542901136659963
0.013885018609367741,0.019778712290200246
0.013779401747128531,0.019922807098995077
0.013657251877652448,0.02002379047744097
0.01353496977168802,0.020059323681465693
0.01341248202199152,0.020047062111075587
0.013342780884742595,0.020034935589396095
0.013274469404735657,0.020863450613772754
0.013201794048254044,0.021604731112943167
0.013138791472631665,0.022136346643482952
0.013066166168508033,0.022522469597343876
0.012964196147987094,0.022851317182470462
0.01285618793406491,0.023093842519989236
0.012765651893764612,0.023244949731934996
0.012676642760946578,0.02436074868143541
0.012590970149456295,0.02533654863889618
0.012511648346735706,0.02605918137184979
0.012413021176392855,0.026657864858156435
0.012312856936975817,0.027112835110799996
0.012216063788531382,0.02744644020564261
0.012119187641627662,0.027744565743570853
0.012023004639303796,0.02896550053484132
0.0119284856036765,0.03004106407451316
0.011839436805896492,0.030906422033594443
0.011766355710612247,0.03161458409969657
0.011716456694236026,0.03217409235705433
0.011693512119731308,0.03265360078404368
0.011654678097755248,0.03307739811784203
0.011587314951238801,0.03422386164859472
0.011511335891968955,0.03518733947201357
0.011437690809424111,0.03588865969512369
0.011386295889556242,0.03643687389624674
0.011404032206709037,0.03692738474544352
0.01144982271808841,0.03739533367777403
0.011446227321862377,0.037756257032230574
0.011425307358005428,0.03873780893255483
0.011392867290884429,0.039587277202204216
0.011392431834279093,0.04024631802462022
0.011399112184479062,0.04071168597264179
0.011449273901096188,0.04103843261574434
0.011465845017056412,0.04133906697020185
0.01148074189185358,0.04161823509388385
0.011494444006678687,0.042492622034792635
0.011497779020798961,0.04324392415510345
0.011514494483255257,0.043805052776448625
0.011591028404649898,0.044225030990830964
0.011640325602664769,0.04454228645919971
0.011670621006369493,0.04481617193647273
0.011709373619225184,0.04568192236429014
0.011792641330013856,0.04649376700255735
0.011905495092988801,0.04710538114926609
0.012045293397655797,0.047512181633560156
0.012226889838927703,0.047778146353429335
0.012272798267494068,0.04796052973401651
0.012306889397926181,0.04809320543141718
0.012314899115031171,0.048326620217508005
0.01233033554121082,0.04850594710236512
0.012374576270861921,0.048596132428539315
0.012431790774596116,0.048587958706472006
0.012487800135546559,0.048514223988258394
0.012519335821521572,0.04840386620991463
0.012522794458861541,0.048252181118216816
0.012513029092695117,0.04801722196112497
0.012527211727674322,0.04777949705030973
0.012590087177219449,0.04754189059137191
0.012665544705528732,0.04729321783422505
0.012680735839951714,0.047036620098595765
0.012694262757385336,0.04678125623611317
0.012731271872532314,0.046511967475326835
0.012766834212654336,0.04624534259735424
0.012797356277047105,0.04598141954154402
0.012834748774067014,0.0457205695179942
0.012859718843078193,0.04546228873684182
0.012808732259217675,0.04520691271861199
0.01275874704020271,0.04495439028588489
0.012709762777111095,0.04470954958049909
0.012673527858134524,0.04446683179076632
0.012633607757200852,0.04422930691624686
0.012586397026171297,0.04399348598484098
0.012518391629138915,0.043758233197294716
0.012451567867627304,0.043525990990507676
0.012385058066988662,0.04330113408367518
0.012318827882524891,0.043078719335939285
0.012253512914409894,0.04285469388862953
0.01218876978746573,0.04263473718896109
0.012130784047298839,0.042417599444907965
0.01207026147173818,0.04219932395732064
0.012007810375253607,0.041980730766211914
0.011945595147374189,0.04176370219457525
0.011884686640684598,0.041548483957123974
0.011824003377921406,0.04133557940306932
0.01176438994861316,0.041125519098729225
0.011706727405704593,0.040918651934157245
0.011648376499609581,0.04071229020728862
0.011592522434166381,0.040508431908023675
0.011537595508803136,0.04030663614701188
0.011481434883103343,0.04010632329371694
0.011425048682336581,0.039907860902495616
0.011371024159799473,0.039712094920508714
0.011317629017018022,0.03951755800623173
0.01127012326032962,0.03932563050933039
0.011220096029163308,0.03913506646154656
0.011167654124894597,0.03894601318870591
0.011114132303606809,0.038758786331296154
0.011061873470043834,0.03857342554488004
0.011009589422824508,0.038389781779382404
0.01095769117826635,0.038207885774761065
0.010906073545010901,0.03802774380541492
0.010856408811564426,0.037849322861511776
0.01080976992667844,0.03767360798374583
0.010759771027524075,0.03749838419524436
0.0107119501848189,0.03732479085351804
0.010662593995583487,0.03715311086328052
0.010614248124312841,0.03698268835770916
0.01056600523693557,0.03681429007840939
0.01051838804366592,0.03664702656715893
0.010472135310649335,0.03648171333847955
0.010428306793530306,0.036355095501871756
0.010383606945536852,0.036221554680039784
0.010340227993694048,0.036083742522129376
0.010304955607119816,0.03595046693755076
0.010259370262330049,0.03582216198808373
0.010214582108572377,0.03594747941183383
0.01017095353799999,0.036028453259468345
0.010128735563247268,0.03604661281716809
0.010092489251978955,0.03602015308345516
0.01005148315995338,0.035969450192749705
0.010010077123971891,0.03591176767485839
0.009967442871796383,0.03622450947044254
0.009925177176837722,0.03651115596323596
0.009883020465103604,0.036694248237396934
0.009845123367570817,0.036782729630393494
0.009803584863455674,0.03680504405397894
0.009763952071954126,0.03720656567074976
0.009727419796262989,0.03751939281378723
0.009693217155412654,0.03773618649901311
0.009655336707180762,0.0378481293494223
0.009615915684963084,0.03789212763306826
0.009577211081816415,0.03791529944211832
0.009544070771648388,0.038323866334808616
0.009509616263079187,0.03867360905901521
0.009470981580312838,0.038974180472584684
0.009434155459308133,0.03919700556983976
0.009406877029715887,0.0393502020060114
0.009371228571261844,0.039864049319854
0.009339016618125289,0.04031406055564665
0.00931028784518909,0.04066136931650414
0.009302223919843446,0.040946331554885626
0.009316665243133713,0.04118693422371382
0.009323600872442727,0.0418007169198005
0.0093201623859847,0.04227817440961278
0.009314849944279368,0.04262262595265011
0.00932216563367816,0.0428715310143417
0.00936577304941431,0.043063918145392385
0.009374498476861459,0.04318504068117
0.009385977583014526,0.04360443650648535
0.009385679010298964,0.043922818473678515
0.009389085913886049,0.044137751708271965
0.009420346151534826,0.044262766937528425
0.009427572990920391,0.044335986817798996
0.009424931471235954,0.044375514634499326
0.009406682481611583,0.04466045296688865
0.009396887179021953,0.044902486506052344
0.009412518142420435,0.04510359939921725
0.009447252610345992,0.04520637342094773
0.00942597300248987,0.04522427076526826
0.009395597717856473,0.04533638531998012
0.009363879622428814,0.04538408267111188
0.009334381215321708,0.045372807704030044
0.009317005068048207,0.04532856365758264
0.009315087209945512,0.04527286513033872
0.009304071636397331,0.04519336552862926
0.009295698440803635,0.04507194010551637
0.009287552195531809,0.044939454074317466
0.009276716936705563,0.04479885549954657
0.009278402341973494,0.044659529269582825
0.009277601410571205,0.04451551806589035
0.00927336249805563,0.044360113167870745
0.00926012110510323,0.04420458115803512
0.00926025318554842,0.0440516482119272
0.009258853979142553,0.04390091310570642
0.009243832842628,0.04374987998620637
0.009234552894860245,0.04360275994626465
0.009224545671361035,0.043451368068756296
0.009212612066716258,0.04330102216149522
0.009200616411691107,0.04315171014911767
0.009181114713129487,0.043004008022009654
0.00916432823873857,0.04285780143921007
0.009158245033324174,0.042711529682344505
0.009148094242622274,0.04256630345723845
0.00914820269635063,0.04242212114633125
0.009150127138472014,0.04227899693688786
0.009127126048763427,0.04213667242549423
0.009103926651032435,0.041995293519163375
0.009077485073303065,0.04185660133565598
0.009050836156690212,0.041718687942553116
0.009026981134976832,0.04158068864637227
0.009003565827340198,0.04144333657075032
0.00897483221739418,0.04130672927375654
0.008948801119130623,0.041171057394519324
0.008926509307048549,0.041036070906371756
0.008906459680213247,0.04090201097152276
0.008882235987950278,0.04076883113671516
0.008854172832750033,0.04063651314549225
0.008827622706293425,0.04050504563156433
0.00880030502026377,0.04037465948032448
0.008774770161137159,0.04024487528982458
0.008751699787156675,0.040115915866709276
0.008728833988256251,0.03998779550609674
0.00870677618651698,0.03986131379271362
0.008686988368084913,0.03973617102431282
0.00867075666377199,0.039610465837516005
0.008656534097513222,0.03948560814591454
0.00863980227805225,0.039361452572732
0.008626750645653417,0.0392382470674499
0.00860320120715503,0.039115666457376276
0.008578863893363866,0.03899381079923587
0.008553163723409396,0.0388736408725724
0.00852912232989668,0.03875362380222936
0.008503259317744274,0.03863491652691789
0.008477106878825705,0.038516340450445975
0.008451749469223868,0.038399528785576086
0.008427189675259818,0.038312795251648976
0.00840204442741133,0.03822033629202329
0.008377117278155445,0.03811996393019252
0.008353358976026055,0.03801497409753577
0.00832932366362625,0.037913931000174914
0.008304861883727331,0.03797968821262173
0.008282832988390035,0.03800153033744534
0.008261457671068647,0.037982459166757
0.008236847146859728,0.0379500103536634
0.008220865692346277,0.037908032369913046
0.00820435074308762,0.038154352074493095
0.008185664277608794,0.03834776406758894
0.008163322821659647,0.038489378090774205
0.008139401026110911,0.0385801948081311
0.00811642409219175,0.03864070688992112
0.008092720188333747,0.03900191206393682
0.008069233012808387,0.03929251503915537
0.008047621244452963,0.03952742302037437
0.008032283530355431,0.039709023963157376
0.008029286266337459,0.03984377468415468
0.008018500807552745,0.039940664481717576
0.00800182899860536,0.040297498535836515
0.007985524782335406,0.04058306388424908
0.00797006285682196,0.040778265952259515
0.007967684040235002,0.04092608773574552
0.007962636655124755,0.04103194438006087
0.007952930721098253,0.04140376606759523
0.007942190609235887,0.04170267838308401
0.007939861171367718,0.041926438299671166
0.007951224981773265,0.042086651683004656
0.007960735024787962,0.0422016372824026
0.007956890297130896,0.04228023254691478
0.007950527898561788,0.04259337863055418
0.007942093779312013,0.04282935278143007
0.007944190959245045,0.04300711758615979
0.007962219870292794,0.0431455539752119
0.00797846035274008,0.043270948308387694
0.007980595485979482,0.04361159324782927
0.007975968750255809,0.04387360369281836
0.007973173365888745,0.04405145508199436
0.0079762911990054,0.044156667527877565
0.007975628777167999,0.044227604098664115
0.007965314374539005,0.04453422014887296
0.007960081240788749,0.04479429637123263
0.007969895398198807,0.04500585293833962
0.0079986812038689,0.04517324004596685
0.008034142125551695,0.04531466489726711
0.00806195316047749,0.045444878808052695
0.008078669802556651,0.045550734635364534
